1 0.0007 0 0.0003 0.0004 0.0003 0.0006 0.0004 
0.0005 1 0.0004 0.00010015 0.0007002 0.00010015 0.0008003 0.0008002 
0.00060025 0.00050042 1 0.00040023 0.00030059 0.00090023 0.00040076 0.00090064 
0.00020039 0.00030034 0.00040012 1 0.00040041 0.00030045 5.20394e-07 0.00010068 
0.00090072 0.000800951 0.00040048 0.00040051 1 0.00050083 1.34075e-06 0.000801401 
0.000801301 0.000601481 0.0009006 0.000500821 0.000401211 1 0.000501322 0.000301982 
0.0003005 0.00070038 4.40084e-07 0.0003002 0.00010073 3.00323e-07 1 0.00020079 
0.000201622 0.000401792 0.000700911 0.000800931 0.000401092 0.000301172 0.000800873 1 
